cf	alert
00034670943	1
00074180951	1
00079950564	1
00086020054	1
00089510085	1
00098480080	1
00102500527	1
00107730079	1
00116600438	1
00119580439	1
00121350086	1
00125720433	1
00129810438	1
00131300055	1
00132100439	1
00132110438	1
00134550433	1
00137890430	1
00138790431	1
00140670431	1
00165190034	1
00169080439	1
00176400026	1
00182490433	1
00182610055	1
00182620054	1
00185360435	1
00190310052	1
00191060052	1
00191880053	1
00191920057	1
00191930056	1
00192140051	1
00192150050	1
00193210085	1
00195710058	1
00202120028	1
00207350059	1
00207360058	1
00208720086	1
00209670058	1
00210430021	1
00210940433	1
00215270430	1
00217240431	1
00218320430	1
00221130560	1
00221260433	1
00221730120	1
00222570020	1
00223660127	1
00224000430	1
00225520121	1
00227430345	1
00239740905	1
00241280023	1
00242630432	1
00242710432	1
00243720430	1
00244230082	1
00244400438	1
00245920087	1
00246170088	1
00246270086	1
00246590087	1
00247030083	1
00247040082	1
00247300080	1
00247360084	1
00247990815	1
00248350084	1
00248390049	1
00250450087	1
00250570082	1
00251580080	1
00253630099	1
00255040438	1
00261180095	1
00261320097	1
00262470438	1
00263210437	1
00265950436	1
00266030436	1
00267160430	1
00267220432	1
00268590437	1
00269440434	1
00275230092	1
00276830437	1
00286490438	1
00299100834	1
00305020190	1
00306180720	1
00307380048	1
00308180124	1
00308220128	1
00310050190	1
00311510093	1
00312750433	1
00315290023	1
00315680025	1
00316820547	1
00317490027	1
00317880029	1
00324510049	1
00325950020	1
00326670023	1
00327960092	1
00328170022	1
00328650098	1
00335810040	1
00338460041	1
00341340099	1
00341490126	1
00349960047	1
00356270066	1
00356630780	1
00356970442	1
00358940047	1
00360090393	1
00364170043	1
00365040047	1
00365230069	1
00368980025	1
00374100022	1
00376350781	1
00377090063	1
00378820781	1
00380610022	1
00382110062	1
00382120061	1
00384420022	1
00385200068	1
00385980024	1
00389360025	1
00390220028	1
00390570026	1
00390580025	1
00392220752	1
00395900046	1
00396110835	1
00404230047	1
00404550048	1
00412310062	1
00414500751	1
00414550061	1
00417530045	1
00420860041	1
00421070038	1
00421680034	1
00421700030	1
00422690032	1
00422730036	1
00422760033	1
00424870020	1
00425820032	1
00426060034	1
00427950035	1
00428090047	1
00428660047	1
00430230037	1
00430240044	1
00430250043	1
00431930064	1
00433110061	1
00433220027	1
00433340031	1
00436320030	1
00441130044	1
00444150064	1
00444200042	1
00444830061	1
00444840060	1
00445500127	1
00447810060	1
00450070065	1
00450140066	1
00450150065	1
00451640064	1
00452370067	1
00452590045	1
00454320045	1
00454560046	1
00454580036	1
00456230069	1
00457230068	1
00457660041	1
00458150067	1
00460690043	1
00460700040	1
00461560047	1
00462560756	1
00463680751	1
00464650043	1
00467190062	1
00467800041	1
00468290044	1
00468820048	1
00468840046	1
00468880042	1
00468930045	1
00468950043	1
00469060040	1
00469710040	1
00469730048	1
00470430067	1
00474720042	1
00474750049	1
00475080040	1
00476920046	1
00477170047	1
00477430128	1
00478010044	1
00478050040	1
00478760044	1
00478910045	1
00479150047	1
00480160241	1
00480530047	1
00482410040	1
00483290045	1
00485020044	1
00485040042	1
00485690044	1
00485780183	1
00487760043	1
00490200045	1
00494580046	1
00494600042	1
00499500049	1
00503880049	1
00507000040	1
00507060044	1
00507800043	1
00508220043	1
00508770047	1
00508850047	1
00508910049	1
00510710049	1
00511050049	1
00511190043	1
00512950049	1
00514020049	1
00516890241	1
00518550041	1
00519730048	1
00520220047	1
00520260043	1
00520360041	1
00520380049	1
00520630047	1
00520690041	1
00521420042	1
00521560045	1
00522250042	1
00523240042	1
00523830040	1
00523900041	1
00523920049	1
00525330049	1
00525350047	1
00527900047	1
00541410049	1
00541470043	1
00551910045	1
00553920042	1
00553940040	1
00563200047	1
00564900041	1
00596540138	1
00660400284	1
00754860377	1
00775690019	1
00852210178	1
00861930154	1
00865250724	1
00905630042	1
00953050762	1
00994350155	1
01199250158	1
01209800059	1
01219410055	1
01219640057	1
01350920011	1
01350940019	1
01454620012	1
01466170014	1
01561670926	1
01566130157	1
01579530013	1
01639920154	1
01650780156	1
01689990016	1
01733310013	1
01769850015	1
01777400019	1
01791460015	1
01834020016	1
01862180757	1
01875940023	1
02089080010	1
02089100016	1
02168090013	1
02168110019	1
02254070150	1
02254350024	1
02677680023	1
02852600044	1
02866100155	1
02886900048	1
03064000155	1
03243880154	1
03334231200	1
03365620156	1
03366130155	1
03391930157	1
03519480150	1
03606860157	1
80000110439	1
80000510026	1
80000590085	1
80001090754	1
80001110040	1
80001370750	1
80001410754	1
80001550740	1
80001890047	1
80001930041	1
80002200048	1
80002350041	1
80002410043	1
80002490029	1
80002570028	1
80002670604	1
80002790022	1
80002890020	1
80003010024	1
80003010040	1
80003070028	1
80003070044	1
80003070051	1
80003080050	1
80003150051	1
80003170026	1
80003180058	1
80003200054	1
80003250042	1
80003290055	1
80003310051	1
80003330059	1
80003390053	1
80003450055	1
80003490028	1
80003530054	1
80003570050	1
80003590058	1
80003610054	1
80003650050	1
80003690056	1
80003770056	1
80003810050	1
80003830041	1
80003890052	1
80003910439	1
80003950054	1
80003970052	1
80004030054	1
80004070050	1
80004110765	1
80004180768	1
80004730042	1
80004750040	1
80004770048	1
80005290020	1
80006220026	1
80006940029	1
80007320957	1
80007530738	1
80007810247	1
80008170757	1
80008270375	1
80008470751	1
80008830756	1
80008850754	1
80008990733	1
80009270283	1
80010030734	1
80010510750	1
80012100758	1
80012540755	1
80012690758	1
80017750722	1
80100990151	1
81000130435	1
81000190439	1
81000230755	1
81000250431	1
81000250787	1
81000410753	1
81000450023	1
81000480434	1
81000490789	1
81000570788	1
81000630020	1
81000650788	1
81000730432	1
81000830042	1
81000850040	1
81000890780	1
81000910430	1
81001050780	1
81001150754	1
81001210780	1
81001230788	1
81001290758	1
81001290782	1
81001370758	1
81001370782	1
81001530021	1
81001530757	1
81001650746	1
81001790740	1
81001810431	1
81001870021	1
81002410025	1
81002590081	1
81002750750	1
81003250750	1
81003390754	1
81003470754	1
81004270088	1
81019360023	1
81021460027	1
82000010023	1
82000090751	1
82000270056	1
82000330033	1
82000350056	1
82000590016	1
82000610012	1
82000630010	1
82000730026	1
82000790046	1
82000970044	1
82001170750	1
82001210028	1
82001290756	1
82001410289	1
82001450020	1
82001730280	1
82001890027	1
82002050027	1
82002190021	1
82002360756	1
82002690046	1
82002710042	1
82003090196	1
82003120068	1
82500510019	1
82501670010	1
82501750010	1
83000110433	1
83000330023	1
83000370029	1
83000390027	1
83000390753	1
83000410049	1
83000590048	1
83000690186	1
83000690756	1
83000870028	1
83000870754	1
83000890836	1
83000910022	1
83000930020	1
83000990750	1
83001430756	1
83001950753	1
83002090781	1
83002110019	1
83002290431	1
83002470439	1
83002570436	1
83002690432	1
84001390040	1
84002650129	1
84002870016	1
84003470048	1
84005310044	1
84005330042	1
84006890481	1
84500390020	1
84500430024	1
84500790021	1
84502050010	1
85000410044	1
85000970047	1
85001290049	1
85001410043	1
85001770180	1
85002370063	1
85002490044	1
85002530047	1
85002770015	1
85003070019	1
85003170017	1
85003230019	1
85003550010	1
86001010049	1
86001710044	1
86001790046	1
86001850048	1
86002450012	1
86004290150	1
86008190018	1
86008350018	1
88000250782	1
88000690789	1
90003870012	1
90071560024	1
90093830082	1
92001530051	1
92048130014	1
	1